[Intrinsic]
ks = [[684.0290682132971, 0.0, 430.3142003353462], [0.0, 683.6232081847395, 303.9487216792525], [0.0, 0.0, 1.0]]
dist = [[-0.512575682916661, 0.3542307790351937, -0.001507695635697072, -0.002777531553516753, -0.17281653761367494]]
newcameramtx = [[623.02197265625, 0.0, 391.9353771710885], [0.0, 682.4838256835938, 303.442143764114], [0.0, 0.0, 1.0]]

